試行回数: 10, 有効応答数: 10

1. 平均: 6.4, 分散: 2.44, 標準偏差: 1.5620499351813308, サンプル数: 10
   サンプル値: [8, 8, 7, 5, 5, 3, 6, 7, 8, 7]
2. 平均: 7.1, 分散: 0.49, 標準偏差: 0.7, サンプル数: 10
   サンプル値: [7, 7, 8, 8, 7, 6, 7, 8, 7, 6]
3. 平均: 7.1, 分散: 2.09, 標準偏差: 1.445683229480096, サンプル数: 10
   サンプル値: [8, 9, 9, 7, 6, 5, 8, 6, 8, 5]
4. 平均: 5.5, 分散: 0.85, 標準偏差: 0.9219544457292888, サンプル数: 10
   サンプル値: [6, 6, 6, 6, 4, 7, 5, 5, 6, 4]
5. 平均: 7, 分散: 2.8, 標準偏差: 1.6733200530681511, サンプル数: 10
   サンプル値: [9, 7, 5, 4, 8, 8, 5, 7, 9, 8]
6. 平均: 6.5, 分散: 1.85, 標準偏差: 1.3601470508735443, サンプル数: 10
   サンプル値: [7, 7, 7, 7, 7, 7, 7, 8, 5, 3]
7. 平均: 7.4, 分散: 0.84, 標準偏差: 0.916515138991168, サンプル数: 10
   サンプル値: [7, 8, 8, 8, 8, 8, 8, 7, 7, 5]
8. 平均: 6.7, 分散: 0.41, 標準偏差: 0.6403124237432849, サンプル数: 10
   サンプル値: [7, 7, 8, 6, 7, 6, 6, 7, 7, 6]
9. 平均: 7.4, 分散: 1.04, 標準偏差: 1.019803902718557, サンプル数: 10
   サンプル値: [8, 8, 9, 9, 6, 7, 7, 6, 7, 7]
10. 平均: 6.7, 分散: 1.41, 標準偏差: 1.1874342087037917, サンプル数: 10
   サンプル値: [8, 7, 7, 5, 7, 5, 5, 7, 8, 8]

生データ（各試行ごとのスコア: None は抽出不可）:
試行1: [8, 7, 8, 6, 9, 7, 7, 7, 8, 8]
試行2: [8, 7, 9, 6, 7, 7, 8, 7, 8, 7]
試行3: [7, 8, 9, 6, 5, 7, 8, 8, 9, 7]
試行4: [5, 8, 7, 6, 4, 7, 8, 6, 9, 5]
試行5: [5, 7, 6, 4, 8, 7, 8, 7, 6, 7]
試行6: [3, 6, 5, 7, 8, 7, 8, 6, 7, 5]
試行7: [6, 7, 8, 5, 5, 7, 8, 6, 7, 5]
試行8: [7, 8, 6, 5, 7, 8, 7, 7, 6, 7]
試行9: [8, 7, 8, 6, 9, 5, 7, 7, 7, 8]
試行10: [7, 6, 5, 4, 8, 3, 5, 6, 7, 8]
